('As', 'Ts') [2, [7, 7, 11, 12, 14]] [2, [10, 10, 9, 12, 14]]
('As', 'Th') [2, [7, 7, 11, 12, 14]] [2, [10, 10, 9, 12, 14]]
('As', 'Td') [2, [7, 7, 11, 12, 14]] [2, [10, 10, 9, 12, 14]]
('Ah', 'Ts') [2, [7, 7, 11, 12, 14]] [2, [10, 10, 9, 12, 14]]
('Ah', 'Th') [2, [7, 7, 11, 12, 14]] [2, [10, 10, 9, 12, 14]]
('Ah', 'Td') [2, [7, 7, 11, 12, 14]] [2, [10, 10, 9, 12, 14]]
('Ad', 'Ts') [2, [7, 7, 11, 12, 14]] [2, [10, 10, 9, 12, 14]]
('Ad', 'Th') [2, [7, 7, 11, 12, 14]] [2, [10, 10, 9, 12, 14]]
('Ac', 'Ts') [2, [7, 7, 11, 12, 14]] [2, [10, 10, 9, 12, 14]]
('Ac', 'Th') [2, [7, 7, 11, 12, 14]] [2, [10, 10, 9, 12, 14]]
('Ac', 'Td') [2, [7, 7, 11, 12, 14]] [2, [10, 10, 9, 12, 14]]
('2s', '2h') [3, [2, 2, 7, 7, 12]] [4, [2, 2, 2, 10, 12]]
('2s', '2c') [3, [2, 2, 7, 7, 12]] [4, [2, 2, 2, 10, 12]]
('2s', 'Ts') [2, [7, 7, 10, 11, 12]] [3, [2, 2, 10, 10, 12]]
('2s', 'Th') [2, [7, 7, 10, 11, 12]] [3, [2, 2, 10, 10, 12]]
('2s', 'Td') [2, [7, 7, 10, 11, 12]] [3, [2, 2, 10, 10, 12]]
('2h', '2c') [3, [2, 2, 7, 7, 12]] [4, [2, 2, 2, 10, 12]]
('2h', 'Ts') [2, [7, 7, 10, 11, 12]] [3, [2, 2, 10, 10, 12]]
('2h', 'Th') [2, [7, 7, 10, 11, 12]] [3, [2, 2, 10, 10, 12]]
('2h', 'Td') [2, [7, 7, 10, 11, 12]] [3, [2, 2, 10, 10, 12]]
('2c', 'Ts') [2, [7, 7, 10, 11, 12]] [3, [2, 2, 10, 10, 12]]
('2c', 'Th') [2, [7, 7, 10, 11, 12]] [3, [2, 2, 10, 10, 12]]
('2c', 'Td') [2, [7, 7, 10, 11, 12]] [3, [2, 2, 10, 10, 12]]
('3s', 'Ts') [2, [7, 7, 10, 11, 12]] [2, [10, 10, 7, 9, 12]]
('3s', 'Th') [2, [7, 7, 10, 11, 12]] [2, [10, 10, 7, 9, 12]]
('3s', 'Td') [2, [7, 7, 10, 11, 12]] [2, [10, 10, 7, 9, 12]]
('3h', 'Ts') [2, [7, 7, 10, 11, 12]] [2, [10, 10, 7, 9, 12]]
('3h', 'Th') [2, [7, 7, 10, 11, 12]] [2, [10, 10, 7, 9, 12]]
('3h', 'Td') [2, [7, 7, 10, 11, 12]] [2, [10, 10, 7, 9, 12]]
('3d', 'Ts') [2, [7, 7, 10, 11, 12]] [2, [10, 10, 7, 9, 12]]
('3d', 'Th') [2, [7, 7, 10, 11, 12]] [2, [10, 10, 7, 9, 12]]
('3c', 'Ts') [2, [7, 7, 10, 11, 12]] [2, [10, 10, 7, 9, 12]]
('3c', 'Th') [2, [7, 7, 10, 11, 12]] [2, [10, 10, 7, 9, 12]]
('3c', 'Td') [2, [7, 7, 10, 11, 12]] [2, [10, 10, 7, 9, 12]]
('4s', 'Ts') [2, [7, 7, 10, 11, 12]] [2, [10, 10, 7, 9, 12]]
('4s', 'Th') [2, [7, 7, 10, 11, 12]] [2, [10, 10, 7, 9, 12]]
('4s', 'Td') [2, [7, 7, 10, 11, 12]] [2, [10, 10, 7, 9, 12]]
('4h', 'Ts') [2, [7, 7, 10, 11, 12]] [2, [10, 10, 7, 9, 12]]
('4h', 'Th') [2, [7, 7, 10, 11, 12]] [2, [10, 10, 7, 9, 12]]
('4h', 'Td') [2, [7, 7, 10, 11, 12]] [2, [10, 10, 7, 9, 12]]
('4d', 'Ts') [2, [7, 7, 10, 11, 12]] [2, [10, 10, 7, 9, 12]]
('4d', 'Th') [2, [7, 7, 10, 11, 12]] [2, [10, 10, 7, 9, 12]]
('4c', 'Ts') [2, [7, 7, 10, 11, 12]] [2, [10, 10, 7, 9, 12]]
('4c', 'Th') [2, [7, 7, 10, 11, 12]] [2, [10, 10, 7, 9, 12]]
('4c', 'Td') [2, [7, 7, 10, 11, 12]] [2, [10, 10, 7, 9, 12]]
('5s', 'Ts') [2, [7, 7, 10, 11, 12]] [2, [10, 10, 7, 9, 12]]
('5s', 'Th') [2, [7, 7, 10, 11, 12]] [2, [10, 10, 7, 9, 12]]
('5s', 'Td') [2, [7, 7, 10, 11, 12]] [2, [10, 10, 7, 9, 12]]
('5h', 'Ts') [2, [7, 7, 10, 11, 12]] [2, [10, 10, 7, 9, 12]]
('5h', 'Th') [2, [7, 7, 10, 11, 12]] [2, [10, 10, 7, 9, 12]]
('5h', 'Td') [2, [7, 7, 10, 11, 12]] [2, [10, 10, 7, 9, 12]]
('5d', 'Ts') [2, [7, 7, 10, 11, 12]] [2, [10, 10, 7, 9, 12]]
('5d', 'Th') [2, [7, 7, 10, 11, 12]] [2, [10, 10, 7, 9, 12]]
('5c', 'Ts') [2, [7, 7, 10, 11, 12]] [2, [10, 10, 7, 9, 12]]
('5c', 'Th') [2, [7, 7, 10, 11, 12]] [2, [10, 10, 7, 9, 12]]
('5c', 'Td') [2, [7, 7, 10, 11, 12]] [2, [10, 10, 7, 9, 12]]
('6s', '8s') [2, [7, 7, 9, 11, 12]] [5, [10, 9, 8, 7, 6]]
('6s', '8h') [2, [7, 7, 9, 11, 12]] [5, [10, 9, 8, 7, 6]]
('6s', '8d') [2, [7, 7, 9, 11, 12]] [5, [10, 9, 8, 7, 6]]
('6s', '8c') [2, [7, 7, 9, 11, 12]] [5, [10, 9, 8, 7, 6]]
('6s', 'Ts') [2, [7, 7, 10, 11, 12]] [2, [10, 10, 7, 9, 12]]
('6s', 'Th') [2, [7, 7, 10, 11, 12]] [2, [10, 10, 7, 9, 12]]
('6s', 'Td') [2, [7, 7, 10, 11, 12]] [2, [10, 10, 7, 9, 12]]
('6h', '8s') [2, [7, 7, 9, 11, 12]] [5, [10, 9, 8, 7, 6]]
('6h', '8h') [2, [7, 7, 9, 11, 12]] [5, [10, 9, 8, 7, 6]]
('6h', '8d') [2, [7, 7, 9, 11, 12]] [5, [10, 9, 8, 7, 6]]
('6h', '8c') [2, [7, 7, 9, 11, 12]] [5, [10, 9, 8, 7, 6]]
('6h', 'Ts') [2, [7, 7, 10, 11, 12]] [2, [10, 10, 7, 9, 12]]
('6h', 'Th') [2, [7, 7, 10, 11, 12]] [2, [10, 10, 7, 9, 12]]
('6h', 'Td') [2, [7, 7, 10, 11, 12]] [2, [10, 10, 7, 9, 12]]
('6d', '8s') [2, [7, 7, 9, 11, 12]] [5, [10, 9, 8, 7, 6]]
('6d', '8h') [2, [7, 7, 9, 11, 12]] [5, [10, 9, 8, 7, 6]]
('6d', '8c') [2, [7, 7, 9, 11, 12]] [5, [10, 9, 8, 7, 6]]
('6d', 'Ts') [2, [7, 7, 10, 11, 12]] [2, [10, 10, 7, 9, 12]]
('6d', 'Th') [2, [7, 7, 10, 11, 12]] [2, [10, 10, 7, 9, 12]]
('6c', '8s') [2, [7, 7, 9, 11, 12]] [5, [10, 9, 8, 7, 6]]
('6c', '8h') [2, [7, 7, 9, 11, 12]] [5, [10, 9, 8, 7, 6]]
('6c', '8d') [2, [7, 7, 9, 11, 12]] [5, [10, 9, 8, 7, 6]]
('6c', '8c') [2, [7, 7, 9, 11, 12]] [5, [10, 9, 8, 7, 6]]
('6c', 'Ts') [2, [7, 7, 10, 11, 12]] [2, [10, 10, 7, 9, 12]]
('6c', 'Th') [2, [7, 7, 10, 11, 12]] [2, [10, 10, 7, 9, 12]]
('6c', 'Td') [2, [7, 7, 10, 11, 12]] [2, [10, 10, 7, 9, 12]]
('8s', 'Js') [3, [7, 7, 11, 11, 12]] [5, [12, 11, 10, 9, 8]]
('8s', 'Jh') [3, [7, 7, 11, 11, 12]] [5, [12, 11, 10, 9, 8]]
('8s', 'Jc') [3, [7, 7, 11, 11, 12]] [5, [12, 11, 10, 9, 8]]
('8h', 'Js') [3, [7, 7, 11, 11, 12]] [5, [12, 11, 10, 9, 8]]
('8h', 'Jh') [3, [7, 7, 11, 11, 12]] [5, [12, 11, 10, 9, 8]]
('8h', 'Jc') [3, [7, 7, 11, 11, 12]] [5, [12, 11, 10, 9, 8]]
('8d', 'Js') [3, [7, 7, 11, 11, 12]] [5, [12, 11, 10, 9, 8]]
('8d', 'Jh') [3, [7, 7, 11, 11, 12]] [5, [12, 11, 10, 9, 8]]
('8d', 'Jc') [3, [7, 7, 11, 11, 12]] [5, [12, 11, 10, 9, 8]]
('8c', 'Js') [3, [7, 7, 11, 11, 12]] [5, [12, 11, 10, 9, 8]]
('8c', 'Jh') [3, [7, 7, 11, 11, 12]] [5, [12, 11, 10, 9, 8]]
('8c', 'Jc') [3, [7, 7, 11, 11, 12]] [5, [12, 11, 10, 9, 8]]
('9s', 'Ts') [3, [7, 7, 9, 9, 12]] [3, [9, 9, 10, 10, 12]]
('9s', 'Th') [3, [7, 7, 9, 9, 12]] [3, [9, 9, 10, 10, 12]]
('9s', 'Td') [3, [7, 7, 9, 9, 12]] [3, [9, 9, 10, 10, 12]]
('9h', 'Ts') [3, [7, 7, 9, 9, 12]] [3, [9, 9, 10, 10, 12]]
('9h', 'Th') [3, [7, 7, 9, 9, 12]] [3, [9, 9, 10, 10, 12]]
('9h', 'Td') [3, [7, 7, 9, 9, 12]] [3, [9, 9, 10, 10, 12]]
('9c', 'Ts') [3, [7, 7, 9, 9, 12]] [3, [9, 9, 10, 10, 12]]
('9c', 'Th') [3, [7, 7, 9, 9, 12]] [3, [9, 9, 10, 10, 12]]
('9c', 'Td') [3, [7, 7, 9, 9, 12]] [3, [9, 9, 10, 10, 12]]
('Ts', 'Th') [3, [7, 7, 10, 10, 12]] [4, [10, 10, 10, 9, 12]]
('Ts', 'Td') [3, [7, 7, 10, 10, 12]] [4, [10, 10, 10, 9, 12]]
('Ts', 'Qs') [3, [7, 7, 12, 12, 11]] [3, [10, 10, 12, 12, 9]]
('Ts', 'Qh') [3, [7, 7, 12, 12, 11]] [3, [10, 10, 12, 12, 9]]
('Ts', 'Qc') [3, [7, 7, 12, 12, 11]] [3, [10, 10, 12, 12, 9]]
('Th', 'Td') [3, [7, 7, 10, 10, 12]] [4, [10, 10, 10, 9, 12]]
('Th', 'Qs') [3, [7, 7, 12, 12, 11]] [3, [10, 10, 12, 12, 9]]
('Th', 'Qh') [3, [7, 7, 12, 12, 11]] [3, [10, 10, 12, 12, 9]]
('Th', 'Qc') [3, [7, 7, 12, 12, 11]] [3, [10, 10, 12, 12, 9]]
('Td', 'Qs') [3, [7, 7, 12, 12, 11]] [3, [10, 10, 12, 12, 9]]
('Td', 'Qh') [3, [7, 7, 12, 12, 11]] [3, [10, 10, 12, 12, 9]]
('Td', 'Qc') [3, [7, 7, 12, 12, 11]] [3, [10, 10, 12, 12, 9]]
('Js', 'Ks') [3, [7, 7, 11, 11, 13]] [5, [13, 12, 11, 10, 9]]
('Js', 'Kh') [3, [7, 7, 11, 11, 13]] [5, [13, 12, 11, 10, 9]]
('Js', 'Kd') [3, [7, 7, 11, 11, 13]] [5, [13, 12, 11, 10, 9]]
('Js', 'Kc') [3, [7, 7, 11, 11, 13]] [5, [13, 12, 11, 10, 9]]
('Jh', 'Ks') [3, [7, 7, 11, 11, 13]] [5, [13, 12, 11, 10, 9]]
('Jh', 'Kh') [3, [7, 7, 11, 11, 13]] [5, [13, 12, 11, 10, 9]]
('Jh', 'Kd') [3, [7, 7, 11, 11, 13]] [5, [13, 12, 11, 10, 9]]
('Jh', 'Kc') [3, [7, 7, 11, 11, 13]] [5, [13, 12, 11, 10, 9]]
('Jc', 'Ks') [3, [7, 7, 11, 11, 13]] [5, [13, 12, 11, 10, 9]]
('Jc', 'Kh') [3, [7, 7, 11, 11, 13]] [5, [13, 12, 11, 10, 9]]
('Jc', 'Kd') [3, [7, 7, 11, 11, 13]] [5, [13, 12, 11, 10, 9]]
('Jc', 'Kc') [3, [7, 7, 11, 11, 13]] [5, [13, 12, 11, 10, 9]]
127 / 990

